# Created by Octave 4.2.2, Mon May 13 01:44:24 2019 CEST <mroq@mroq-virtual-machine>
# name: rndstate
# type: matrix
# rows: 625
# columns: 1
 1841122006
 9102993
 1554744276
 3429326083
 873240745
 2247058828
 1226815073
 2302711181
 3422540630
 123533548
 1278104798
 1734629118
 2856736163
 4059040804
 149475724
 1336962834
 4182056672
 2821495236
 3651726230
 3722028584
 910892399
 3601462048
 2841349690
 880673721
 3643356692
 1241196105
 3390556382
 825658079
 853469290
 1217415695
 342998985
 131199435
 4114734250
 1088432568
 3863223757
 2994328640
 784041675
 2945364766
 1820591396
 3446274820
 3718374692
 3948021350
 460555578
 658384165
 2091001352
 2665971960
 56085738
 590507331
 2481968410
 3948763298
 83408466
 2650832115
 1748754922
 414030348
 3823836934
 1128171689
 727510969
 1254465910
 1404777555
 3713933154
 2260103151
 895303909
 1463210282
 3478117238
 2268785416
 1670481040
 2467787821
 700479470
 2480660476
 752608187
 3988186132
 1338535465
 2280666593
 1090096736
 1758687064
 1485798113
 758416833
 972234521
 2657483915
 3045400131
 2762780832
 145632357
 4208925288
 3959026506
 2892617232
 275898579
 1160943962
 2425177289
 1941406824
 3092578339
 3694464196
 3833915316
 1681414029
 2303476598
 1795203962
 3988919936
 3484154475
 320542403
 2374062819
 2374092233
 3529157128
 2150147150
 1731980981
 2635074320
 1211605036
 1914786599
 3506694471
 2073511208
 1610139747
 404324296
 925270776
 2377830469
 1754349480
 3004497120
 564731635
 1088037766
 1001515788
 2510328664
 2985449545
 4271316977
 2116315489
 205248108
 1453292069
 439032348
 1779455467
 3753948925
 54159934
 1334563629
 413639893
 2841096361
 2178723445
 3122859850
 416596176
 3551719423
 2739900882
 1891698685
 3457536065
 2682104875
 2468503428
 3673902985
 3256135913
 315467130
 4157486549
 3561223527
 3713516890
 151667950
 1706950502
 4056466921
 140067589
 3388999884
 4206128569
 3876362698
 1483851222
 1590744293
 1040839071
 64396192
 4001400062
 1151108801
 1506433818
 3561253867
 3145442410
 630266730
 3299876003
 224970534
 558663046
 523706908
 2300458424
 392776176
 67965292
 2824272599
 1468160794
 1941619204
 2005454377
 3554385106
 3720104685
 4163656747
 3609383939
 3064901990
 3777104252
 578676454
 751310307
 268251542
 1998163988
 1595276920
 3992838527
 2551193181
 2658968554
 1653623827
 2477911359
 2255554047
 342420737
 999151703
 1613230209
 2760873824
 1279783927
 113594554
 2425458142
 1728552563
 2769974645
 3808976826
 4125028962
 3824229868
 2445025678
 2328777901
 2589307825
 1959828019
 595223233
 42043735
 3069882607
 1715871177
 3081859970
 4099337283
 1218637111
 3018254332
 3472537039
 1022666802
 943378434
 563592994
 1392034776
 3128769704
 1315284384
 4039732000
 907858527
 2988141658
 1595454089
 3815178360
 2746606188
 1415598018
 1493403778
 2321814904
 2964082095
 2544845723
 2566601561
 1540020878
 1315335091
 1942486610
 1628874035
 2474491555
 1111802406
 533854392
 1007700494
 2394549044
 3782292421
 2815145008
 204467012
 2568494035
 3525704117
 528082702
 3647314215
 2754699991
 289836969
 3478363101
 795580876
 258565810
 2329761573
 1715184096
 3403939622
 2907020409
 2126883829
 3101679493
 799463368
 817022049
 3855023276
 3546011990
 2622241171
 848855574
 64574930
 285469723
 2037714757
 2939719879
 4128493850
 3621739306
 3557165428
 162788202
 3687569548
 1754531691
 4225702464
 3988675530
 706354227
 3183007126
 782383231
 2023817469
 3972918915
 461518351
 552491769
 2093955325
 2751213978
 2906155652
 1378945826
 3970312360
 1292598767
 157178434
 1308745282
 2187075535
 2806343381
 2083644203
 782149230
 1746179312
 4156920226
 3142257223
 1475313268
 2881831187
 3826868202
 2320186246
 1810905083
 4089263773
 1076096105
 1104702088
 2861343411
 864418099
 3614916726
 3485285359
 1765842395
 3538542115
 2087147546
 1912705351
 3084410613
 4274225255
 417406700
 944210145
 3121368793
 743829272
 2685422528
 824931434
 202481500
 2146617533
 917720383
 3221274047
 1805900804
 1728424158
 2288206912
 1735064175
 1938668078
 3093596552
 2853310484
 968127240
 1197525855
 886050344
 3673421859
 3497246175
 2593333059
 1114550360
 137042839
 3864082983
 3166527039
 3814340439
 3619168806
 1407065379
 3441228569
 1203647485
 3333479680
 3768896093
 19643651
 1403977989
 1602798912
 2035670561
 1924400331
 754930322
 4169352392
 3626155192
 2539323577
 232821281
 1387240026
 32049016
 170911472
 4281340895
 2207323894
 3873360729
 3367270313
 26991692
 698506076
 2942928164
 1600804871
 4273404014
 273776204
 1836656395
 2530048288
 3207979767
 3359102143
 3811910762
 1687041107
 3577634222
 1796775342
 1428637165
 2318611078
 1146088002
 2374414442
 836904563
 371666307
 551219800
 3229858226
 2688909449
 2673035763
 3974733714
 1338705899
 3655689120
 1532022776
 1597768239
 3521179823
 1744829590
 2243823008
 2531178965
 962430826
 1864293404
 4122231901
 3407825157
 303099148
 1982376224
 2779710625
 235542100
 206862016
 1049993039
 3666971242
 978100529
 1251685319
 3438437554
 726444501
 168842165
 3034785078
 3714591699
 1439449862
 1192551384
 3070781427
 2105113165
 186808406
 818963701
 3610318803
 3680204163
 2587890198
 3040765798
 3181829586
 3109100144
 3377405008
 1330979160
 221171979
 1733336063
 636139869
 1632042321
 2402732043
 660253469
 2250846040
 1117945186
 1475391661
 964424724
 3745210722
 3749236736
 4259790782
 2212881120
 3846741893
 2742879088
 1070938437
 129744858
 2021424880
 3047895798
 4073259266
 183040813
 3337228752
 2838459086
 2966679825
 55390560
 855670354
 2263038495
 880804069
 1895503858
 3690467396
 3464743633
 2206105154
 3463540800
 996358199
 1852213233
 15884316
 3042870792
 2435675910
 1214048880
 1225553679
 154852905
 3221417815
 3582472893
 3230314061
 1304128241
 3282253971
 1117012740
 2049968850
 1100820076
 1179120023
 2390557144
 2126429383
 2302857451
 3615372866
 240157113
 746504070
 346430642
 2123631983
 4287452366
 2141648905
 2070035440
 2911295330
 307381384
 1126072306
 2708722846
 1632845759
 2913831573
 516065851
 1902251816
 98376777
 205090731
 2619566141
 3334513214
 2429728124
 1612954019
 3356746448
 4176299920
 1087278792
 63917471
 4028849384
 3274761639
 3795300915
 2896417558
 1688184992
 3544824955
 1962283275
 2592010857
 4236921506
 698007085
 10738435
 1968965867
 2984672983
 247872453
 977745232
 3449406319
 1393822015
 3643889590
 1958678990
 811426766
 308984444
 43443677
 100929029
 1688080648
 3166354905
 4258543345
 773856454
 743411522
 1065839773
 4096031766
 1478035627
 3205304691
 13877260
 1546844847
 1216180728
 4073907210
 257368917
 2221608848
 388298560
 851636544
 4284124942
 3814900978
 3630925176
 2369649455
 3191310923
 2961016832
 3412315229
 344322372
 1263013112
 2768431077
 1151663186
 993377337
 1221419133
 3040214128
 3213948562
 1966477150
 2491637522
 2448524037
 712933452
 4271453239
 425892398
 2521506106
 3367347121
 3349271174
 3333420379
 1436174406
 1784828054
 2782124002
 1249246113
 1939102162
 2517671699
 3180759872
 3467361700
 1430676552
 4246666571
 1265149357
 951770884
 3897727291
 2972621745
 902433203
 2233929100
 1879685007
 33463603
 555403077
 2791048778
 1924027097
 405017122
 2660299988
 425733837
 109102086
 2817080240
 1906261821
 505046166
 1698700022
 1171399891
 1912355821
 2242593556
 2304342860
 3973435152
 1309693372
 4132281188
 2085255027
 1480554798
 125903154
 1029826733
 395516914
 818414327
 506560077
 3802993434
 1838049939
 193


