# Created by Octave 4.2.2, Tue May 14 20:01:20 2019 CEST <mroq@mroq-virtual-machine>
# name: rndstate
# type: matrix
# rows: 625
# columns: 1
 2148321082
 2971028843
 2590966905
 3730106830
 2127089211
 447162931
 1008283264
 2592561151
 3846130287
 1490755651
 3530020853
 2890259602
 3261445167
 760444563
 1993676652
 3218420360
 1536840323
 4115772462
 2234713799
 623844091
 1895870440
 518638747
 2121285977
 3623745527
 2879821288
 3886363132
 1409751663
 3039746770
 866992980
 500469693
 2000759187
 25245782
 3772455880
 918416937
 3042364973
 2810031181
 2575887140
 3402927617
 3184060126
 4025579825
 2399624807
 2301665973
 821856468
 3307153165
 1303865106
 789237189
 537660234
 457717012
 863914768
 1840645470
 2243993481
 3527205491
 3908628051
 834935358
 2859888294
 24003943
 266124559
 1442038306
 3164210549
 2930387847
 1905741571
 2076897882
 2382359007
 3350055750
 2420174270
 3384051793
 684080523
 1972102599
 1817532818
 214212423
 4122755708
 967561664
 423030106
 376810782
 1193904875
 3591529017
 493001038
 1788313328
 2874268246
 2895906979
 3447971000
 1812325404
 8575249
 1764550970
 1838595753
 1552035243
 1866654869
 2416821528
 1271578829
 2920392234
 2198657503
 1880211930
 3372553674
 517178485
 1814440035
 515071592
 892927788
 4075351168
 119345315
 2016863529
 929548585
 3304403038
 2735263830
 1595518676
 3268918126
 3522053997
 1969264740
 158858154
 2830667686
 3009332889
 2573721253
 1487917124
 151982279
 1614122752
 2519728454
 776906724
 1431008566
 994328806
 2327539812
 1472804417
 1379792341
 2076591076
 1261256646
 1811983978
 4178383081
 3591272309
 1649275603
 4258951644
 4102036646
 2997284742
 4266514884
 772361205
 1108771221
 1415838306
 1499118923
 3570756478
 801084791
 3137735730
 2964506957
 3469494905
 1945894488
 1379435910
 2305466023
 2659416751
 962009705
 4158327162
 1637404081
 2865256657
 1691689083
 1700528859
 1744063426
 1081132364
 528976793
 2669158051
 3153478299
 1667665266
 1014058773
 3146017339
 627487892
 904310164
 398052098
 1036205152
 3743732603
 422711772
 2055184782
 4267204503
 292238360
 2355809785
 1919229348
 1254454677
 1630938198
 4126576810
 248641404
 644259790
 1255405494
 176829523
 662347559
 359144511
 2076259164
 96281232
 3996869808
 4116222376
 332466286
 2699492429
 1849878522
 227992320
 1393680717
 1706533077
 2652139548
 3994227881
 2048235959
 139144921
 115681523
 608335391
 2327354460
 966860954
 1331508344
 1500628980
 3776249082
 696979901
 1040619534
 3732171396
 2161647255
 480795661
 3192300322
 4017817892
 2876991739
 473100492
 123528773
 2659348394
 3781618206
 650465953
 4158836792
 2720888444
 3964925658
 3556272760
 2152621421
 803471907
 2016562102
 1184317765
 2615643840
 3276653722
 4146760656
 2464604066
 3017193102
 3502424726
 287281439
 3639048249
 2810396771
 3750297809
 1609965030
 398434557
 1953841060
 1203624573
 959633340
 4288272797
 3739943667
 4135122062
 3019520667
 2625393988
 3350987972
 3236042931
 1107054708
 4257935231
 317941542
 1085614243
 662050473
 2338944224
 2420810758
 726908707
 1173570297
 3193519702
 745347470
 535534245
 2975760636
 2133139006
 602152095
 74609945
 1446037564
 1003787770
 2413241034
 1090160388
 2352904779
 1665655693
 3063066066
 3162268190
 170910229
 627184633
 730255022
 1040645253
 633689120
 3231955429
 2558127890
 1693815621
 3944411223
 3479199535
 3472440685
 882059341
 2069383613
 423345990
 1916137128
 4080359165
 1340775287
 1850827378
 2965359751
 171507320
 3056576426
 3284953775
 1977004475
 1954195982
 1446575347
 4104730401
 4222151693
 562173539
 1534959386
 310991651
 3635424538
 754005805
 4143255003
 991639386
 3504379181
 2551534092
 1154655384
 1530998214
 1179171310
 3462878321
 3497179158
 3120904748
 4175403029
 3908339879
 2757416275
 3468018945
 1954386069
 2890742425
 2116278088
 1438164196
 2724680685
 3766970246
 299591118
 3188046187
 2477475943
 1261961336
 1591339591
 2546291856
 2321382266
 653340649
 3978615542
 1838295788
 3626654434
 4182132047
 634045057
 2855326291
 397176826
 3316919676
 2881703962
 1653008332
 3948686792
 2667530422
 2688441358
 1291820987
 2839663738
 39145047
 3828815780
 2610998872
 3540411224
 1765499084
 1524073576
 4128484537
 324825986
 3231462900
 2365881994
 408792519
 1800024690
 599883883
 3140349998
 3081652124
 3986270615
 628409370
 416771529
 1960066199
 4014927144
 3486587087
 4024985678
 1723014515
 1259014347
 3255769480
 102212798
 1583426493
 1440846264
 1566289824
 286452384
 115346233
 3929194664
 78904689
 2488952703
 1029395399
 91924158
 1044125767
 3363604393
 254718046
 1642699466
 141166376
 2327535617
 3774566234
 2662779090
 639000920
 2562225365
 1241603908
 3093496638
 2251155799
 1517893221
 2799312009
 2961510157
 102989937
 2955788341
 269000939
 786542360
 1765812370
 1580149010
 633256063
 557314432
 423870735
 1145841258
 3126246581
 2036821120
 3786115963
 3050088285
 4027720777
 2967481535
 3364600257
 794908900
 2913540727
 2524309355
 718346058
 102689350
 1699133576
 2974117085
 3158872120
 1915745821
 1367371746
 1010807747
 2574541292
 3603765659
 3762327812
 3233178429
 2787765840
 2723163137
 3274043470
 2969545735
 3614970961
 3899073075
 221958361
 694897183
 3304440108
 3796099536
 3049005163
 3669869059
 1201781633
 3838647986
 354983977
 1064738691
 3293468470
 1101757082
 2803615837
 2832634087
 2237644514
 393253339
 2724908511
 3875000332
 201232999
 2490030913
 3019151108
 3424068408
 2221191045
 2481174379
 1814805135
 1559550969
 3452898165
 625042662
 2569437441
 4126538295
 1622592766
 2078321138
 4195074997
 3734304188
 3941176441
 1175228836
 3747700685
 1603317051
 1288412854
 1312708588
 1275984303
 2682159496
 3452419703
 3900971716
 3735414612
 3579310673
 1674851057
 2946018434
 1609631611
 2929946242
 3432498291
 605683644
 885536574
 1067798940
 3585887927
 3092715331
 343200703
 4221872792
 3014421868
 1179333609
 3462023276
 1530708982
 2359159946
 3190817843
 2528571559
 718610851
 3141161279
 1126364509
 1330515452
 3244364401
 1144431810
 4005874429
 2209423069
 3126211404
 2981955037
 2554003034
 1682958041
 1373053166
 3858518456
 526740600
 269364346
 2101522610
 3567632872
 1809094492
 1904193217
 867961955
 1455641191
 822636678
 2044979352
 367451510
 3705942512
 2757888538
 2947862594
 3759591592
 2762312383
 2274034714
 2154275682
 4069474998
 3515377604
 213325517
 2311593613
 405265345
 3668235503
 1882746734
 1148218082
 45291740
 3665329872
 2506388126
 2316275667
 3919604667
 840822410
 2748483450
 2744218974
 1311056607
 1680504290
 3976846472
 2056975694
 1726661536
 3824178018
 3317109502
 3582582862
 2178016048
 1969173270
 3001923379
 1476440952
 2264733965
 1527369269
 256936914
 1379619883
 2086177424
 3531853503
 2771583467
 1527423011
 2838342584
 119051278
 1209195840
 2538984742
 1198322822
 3974501026
 1183985954
 3973607203
 3144245038
 943988135
 1719908952
 3655333823
 3096140310
 20132342
 383719478
 3286584518
 1480377594
 907623353
 3511391511
 2261231066
 1995552323
 3826553532
 1487731971
 2060465717
 1492229832
 3293022297
 1255690669
 2395640372
 3465056995
 216850943
 2235229931
 3479774358
 2252216652
 212490294
 1731294896
 842143174
 2797183877
 2651613695
 307623803
 2554462711
 2949805550
 2321454120
 904984567
 1563512037
 1138120022
 3244481129
 2715777054
 1115916487
 2759400595
 4061336178
 1872942571
 2214296917
 4108769306
 2114842607
 1759053773
 282302972
 3408915340
 2583597142
 4116898820
 1860684933
 395


